	NNList,Seed
New
12345
l,i,n,3,1,8,.,t,s,p
0.725383,0.527016,0.525422,0.518102,0.521382,0.522599,0.535725,0.534488,0.525747,0.526727,0.528533,0.520629,0.529992,0.560221,0.534517,0.519589,0.521366,0.522541,0.524163,0.536168,0.519507,0.521855,0.537678,0.521407,0.523604,0.523607,0.51909,0.521757,0.535466,0.561826,0.521388,0.521177,0.548158,0.520462,0.519595,0.524615,0.523741,0.538209,0.541137,0.520881,0.525409,0.519841,0.583258,0.534803,0.519068,0.566655,0.52573,0.524358,0.538448,0.523613
42704.0,43065.0,42927.0,43062.0,43171.0,42949.0,43160.0,42504.0,43140.0,43266.0,42696.0,42581.0,42847.0,42712.0,42500.0,42646.0,43158.0,43003.0,43601.0,42462.0,42556.0,42433.0,42424.0,42431.0,42722.0,42774.0,42870.0,42777.0,42527.0,42712.0,42998.0,42840.0,42629.0,43116.0,43172.0,42327.0,43075.0,42685.0,43152.0,42933.0,42951.0,42828.0,43061.0,42860.0,42522.0,42812.0,43078.0,42947.0,42670.0,42992.0
0.8166050910949707,0.6222219467163086,0.6196391582489014,0.6129641532897949,0.6164538860321045,0.6176278591156006,0.6302919387817383,0.6294529438018799,0.6228818893432617,0.622899055480957,0.6219000816345215,0.6166338920593262,0.6239368915557861,0.6555390357971191,0.6310200691223145,0.6159908771514893,0.6181201934814453,0.619178056716919,0.6192281246185303,0.632023811340332,0.6157958507537842,0.6187620162963867,0.6335709095001221,0.6164801120758057,0.6180870532989502,0.6168169975280762,0.614063024520874,0.6168918609619141,0.6298949718475342,0.6587798595428467,0.612774133682251,0.613569974899292,0.6443431377410889,0.6167900562286377,0.6160891056060791,0.620629072189331,0.6176280975341797,0.6310780048370361,0.6333358287811279,0.6169500350952148,0.6202821731567383,0.6174900531768799,0.6791138648986816,0.63136887550354,0.6155009269714355,0.6596899032592773,0.6194360256195068,0.6209449768066406,0.6361269950866699,0.6200459003448486
|(0.518102, 0.521382, 0.524615, 0.535466, 0.725383, 0.53373306, 0.00052122369140625)|
|(42327.0, 42646.0, 42847.0, 43062.0, 43601.0, 42840.56, 41.836484375)|
|(0.612774133682251, 0.6168169975280762, 0.6200459003448486, 0.6310200691223145, 0.8166050910949707, 0.628938775062561, 0.0006141980225220322)|
p,c,b,4,4,2,.,t,s,p
0.732469,0.745139,0.721048,0.742517,0.727083,0.720388,0.72285,0.72742,0.757556,0.718677,0.74185,0.725191,0.725987,0.741694,0.722035,0.735313,0.721424,0.72189,0.735227,0.773755,0.734042,0.721988,0.717252,0.722236,0.744317,0.721556,0.72058,0.725429,0.72213,0.722849,0.721787,0.73289,0.722225,1.326757,0.726818,0.72482,0.723392,0.733224,0.724775,1.364104,0.739559,0.744518,0.839772,1.115212,0.905071,0.725423,0.723127,0.733029,0.717578,0.724483
53086.0,53011.0,54487.0,53380.0,54710.0,52885.0,53308.0,52881.0,52722.0,53625.0,53393.0,53258.0,53569.0,52845.0,53692.0,53190.0,52891.0,53503.0,53978.0,53172.0,53375.0,52839.0,53368.0,53444.0,53168.0,54015.0,54179.0,53383.0,53322.0,53027.0,53811.0,53466.0,53285.0,54307.0,54398.0,53181.0,53382.0,54297.0,53720.0,53364.0,52799.0,52660.0,53056.0,53489.0,54980.0,52740.0,53235.0,52976.0,53486.0,54304.0
0.8775830268859863,0.8899741172790527,0.8646118640899658,0.8885650634765625,0.8706631660461426,0.8653450012207031,0.8670220375061035,0.8723158836364746,0.9015369415283203,0.8593268394470215,0.886138916015625,0.8699989318847656,0.8706238269805908,0.8828001022338867,0.8663148880004883,0.8767411708831787,0.864760160446167,0.865225076675415,0.8791952133178711,0.9184970855712891,0.8779940605163574,0.866081953048706,0.8598449230194092,0.8642659187316895,0.8872787952423096,0.8675727844238281,0.8642539978027344,0.8686201572418213,0.8656630516052246,0.8661391735076904,0.8647499084472656,0.874290943145752,0.8616909980773926,1.46431303024292,0.8723759651184082,0.8665721416473389,0.8682329654693604,0.8776931762695312,0.8686771392822266,1.502514123916626,0.8825690746307373,0.8873999118804932,0.9840579032897949,1.257957935333252,1.048557996749878,0.867495059967041,0.8688390254974365,0.8779730796813965,0.8610591888427734,0.8679399490356445
|(0.717252, 0.72213, 0.725987, 0.741694, 1.364104, 0.7676091200000001, 0.0007496182812500001)|
|(52660.0, 53056.0, 53375.0, 53692.0, 54980.0, 53452.84, 52.2000390625)|
|(0.8593268394470215, 0.866081953048706, 0.8706238269805908, 0.8828001022338867, 1.502514123916626, 0.910998272895813, 0.0008896467508748174)|
r,a,t,7,8,3,.,t,s,p
1.379967,1.390325,1.387519,1.392459,1.377949,1.429994,1.427623,1.483658,1.86759,1.39587,1.481958,1.387367,1.370361,1.375657,1.376899,1.419812,1.391639,1.416267,1.375477,1.390683,1.392912,1.398176,1.377706,1.42921,1.39373,1.44199,1.382097,1.399304,1.382169,1.390077,1.39623,1.389545,1.38324,1.389865,1.422252,1.383579,1.382116,1.383671,1.381005,1.430981,1.418191,1.398667,1.377322,1.370973,1.390615,1.377451,1.394385,1.395976,1.409801,1.383871
9350.0,9548.0,9727.0,9623.0,9459.0,9261.0,9481.0,9580.0,9654.0,9234.0,9529.0,9567.0,9530.0,9526.0,9643.0,9447.0,9607.0,9280.0,9715.0,9288.0,9460.0,9568.0,9729.0,9613.0,9486.0,9314.0,9302.0,9514.0,9491.0,9475.0,9597.0,9529.0,9533.0,9476.0,9356.0,9409.0,9286.0,9533.0,9364.0,9191.0,9387.0,9324.0,9324.0,9577.0,9490.0,9450.0,9441.0,9309.0,9384.0,9728.0
1.7423830032348633,1.7544829845428467,1.7517638206481934,1.756756067276001,1.7378320693969727,1.7906291484832764,1.7912051677703857,1.8443050384521484,2.2299458980560303,1.755234956741333,1.8423449993133545,1.7498910427093506,1.733510971069336,1.7388389110565186,1.7350940704345703,1.7834370136260986,1.7547698020935059,1.7777140140533447,1.7364039421081543,1.7529840469360352,1.7579021453857422,1.7591540813446045,1.740644931793213,1.7940540313720703,1.753460168838501,1.8044450283050537,1.743778944015503,1.7568070888519287,1.7448410987854004,1.7517671585083008,1.7591171264648438,1.7499330043792725,1.7483057975769043,1.752835988998413,1.7816178798675537,1.7450110912322998,1.7452590465545654,1.7467920780181885,1.743523120880127,1.7921900749206543,1.7807340621948242,1.7602851390838623,1.7378430366516113,1.7321820259094238,1.7522599697113037,1.7382469177246094,1.7565510272979736,1.7587769031524658,1.771986961364746,1.7431139945983887
|(1.370361, 1.382116, 1.390683, 1.409801, 1.86759, 1.4073236199999999, 0.0013743394726562499)|
|(9191.0, 9356.0, 9486.0, 9568.0, 9729.0, 9473.78, 9.25173828125)|
|(1.7321820259094238, 1.743778944015503, 1.753460168838501, 1.771986961364746, 2.2299458980560303, 1.7692589378356933, 0.0017277919314801693)|
p,r,1,0,0,2,.,t,s,p
1.860907,1.863427,1.854463,1.861088,1.865188,1.88492,2.314898,1.867148,1.863082,1.882504,1.859203,1.863836,1.861588,1.89102,1.824911,1.850647,1.929477,1.898302,1.8747,1.852182,1.867596,1.905177,1.858669,1.852839,1.856455,1.903214,1.862375,1.870489,1.872805,1.905155,1.857027,2.55034,1.859891,1.897178,1.860407,1.853729,1.851692,1.916739,1.853206,1.854921,1.923298,1.896866,1.852523,1.872561,1.866151,1.928359,1.879843,1.880008,1.843548,1.898669
303494.0,299577.0,296780.0,296501.0,297331.0,288967.0,298640.0,293074.0,299722.0,300409.0,292694.0,294775.0,297043.0,290350.0,291768.0,291346.0,302762.0,296691.0,290422.0,298436.0,294936.0,289539.0,296182.0,292055.0,293730.0,295748.0,300649.0,289460.0,291568.0,295454.0,297572.0,300670.0,295199.0,297743.0,300065.0,290653.0,295165.0,298908.0,295940.0,291133.0,296433.0,295617.0,301455.0,292359.0,299576.0,300380.0,288570.0,292945.0,295109.0,298749.0
2.458510160446167,2.453644037246704,2.4520719051361084,2.459887981414795,2.4629859924316406,2.4766509532928467,2.9105310440063477,2.4646360874176025,2.454245090484619,2.4871649742126465,2.453773021697998,2.461195945739746,2.4552249908447266,2.488497018814087,2.4139389991760254,2.449323892593384,2.5220539569854736,2.4941229820251465,2.4707250595092773,2.449843168258667,2.4630320072174072,2.5013418197631836,2.4557900428771973,2.447551965713501,2.4505600929260254,2.498626947402954,2.453903913497925,2.468283176422119,2.4693031311035156,2.4998080730438232,2.451662063598633,3.1449499130249023,2.452678918838501,2.4928510189056396,2.453587055206299,2.4506030082702637,2.4445431232452393,2.513256072998047,2.448457956314087,2.4516260623931885,2.517132043838501,2.486443042755127,2.4423980712890625,2.4674501419067383,2.459373950958252,2.5245819091796875,2.4753270149230957,2.477847099304199,2.437580108642578,2.493014097213745
|(1.824911, 1.857027, 1.866151, 1.896866, 2.55034, 1.8955044200000004, 0.0018510785351562504)|
|(288570.0, 292359.0, 295940.0, 298749.0, 303494.0, 295686.88, 288.75671875)|
|(2.4139389991760254, 2.4520719051361084, 2.4629859924316406, 2.488497018814087, 3.1449499130249023, 2.490651822090149, 0.002432277170009911)|
f,l,1,5,7,7,.,t,s,p
3.555545,3.581163,3.597107,3.589424,3.575093,3.568354,3.537792,3.634661,3.540917,3.612055,3.549161,3.594326,3.55724,3.566735,3.546478,4.011618,3.552917,3.56042,3.561546,3.610972,3.536513,3.556806,3.54252,3.55682,3.555068,3.564894,3.561612,4.155399,3.5525,3.567901,3.535823,3.601978,3.528945,3.566164,3.536289,3.536281,3.541079,3.547941,3.571173,3.544688,3.586086,3.563731,3.59583,3.550399,3.596663,3.543575,3.555661,3.543868,3.625277,3.551284
25421.0,25342.0,25017.0,24820.0,25458.0,25254.0,25456.0,25437.0,25371.0,25182.0,24986.0,25442.0,25142.0,24672.0,25195.0,25299.0,25143.0,25487.0,25208.0,25273.0,25493.0,25167.0,25313.0,24872.0,25213.0,25159.0,25320.0,24862.0,25653.0,24860.0,25368.0,25494.0,25591.0,24828.0,25470.0,25686.0,25373.0,25164.0,25606.0,25026.0,25126.0,25055.0,24877.0,25386.0,25055.0,25387.0,25133.0,25381.0,24808.0,25401.0
4.887186050415039,4.912076950073242,4.926346063613892,4.9208149909973145,4.908766984939575,4.898791074752808,4.871011018753052,4.966606855392456,4.871887922286987,4.944522857666016,4.878722906112671,4.926733016967773,4.887895107269287,4.89717698097229,4.874377965927124,5.342435121536255,4.8825531005859375,4.889924049377441,4.891463041305542,4.9411280155181885,4.8685688972473145,4.890290975570679,4.872637987136841,4.886902093887329,4.8850929737091064,4.893733024597168,4.888526916503906,5.486699104309082,4.880136966705322,4.898682117462158,4.8680830001831055,4.929862976074219,4.860127925872803,4.898561954498291,4.866137981414795,4.865234851837158,4.873309850692749,4.876523971557617,4.90012001991272,4.875562906265259,4.916018009185791,4.895128011703491,4.928080081939697,4.882382154464722,4.9269092082977295,4.875591993331909,4.886847972869873,4.872185945510864,4.9560630321502686,4.885635137557983
|(3.528945, 3.546478, 3.56042, 3.586086, 4.155399, 3.5855258400000003, 0.0035014900781250003)|
|(24672.0, 25055.0, 25273.0, 25421.0, 25686.0, 25234.64, 24.643203125)|
|(4.860127925872803, 4.875591993331909, 4.889924049377441, 4.916018009185791, 5.486699104309082, 4.916201162338257, 0.004800977697595954)|
p,r,2,3,9,2,.,t,s,p
7.11232,7.033524,7.075035,7.118642,7.105767,7.060015,7.497189,7.135508,7.114699,7.062975,7.111919,7.120736,7.687233,7.050709,7.091057,7.129287,7.127749,7.076851,7.668452,7.092623,7.086616,7.101331,7.128319,7.038161,7.65462,7.198572,7.064804,7.136094,7.079061,7.161527,7.139763,7.174447,7.779632,7.147641,7.083194,7.314941,7.067237,7.128943,7.042288,7.11392,7.116906,7.746234,7.098802,7.079496,7.064023,7.063877,7.081555,7.647112,7.119659,7.113213
463436.0,462468.0,463590.0,456424.0,460899.0,461636.0,461826.0,461006.0,467838.0,464014.0,461521.0,458247.0,459223.0,455004.0,464199.0,465646.0,462456.0,465082.0,463884.0,467082.0,451540.0,455843.0,467266.0,463601.0,463723.0,462766.0,464001.0,465219.0,464973.0,463788.0,465855.0,463902.0,459204.0,465801.0,458069.0,460556.0,465720.0,460529.0,462151.0,464756.0,465182.0,463500.0,456735.0,460109.0,464053.0,456950.0,461494.0,464796.0,458057.0,462296.0
10.43575406074524,10.376073837280273,10.417187929153442,10.450993776321411,10.434607028961182,10.400743007659912,10.82178807258606,10.463643074035645,10.438486099243164,10.388260841369629,10.451902151107788,10.462743997573853,11.013648986816406,10.375831842422485,10.4201819896698,10.4547598361969,10.456631898880005,10.41908597946167,11.01093316078186,10.434717893600464,10.410969018936157,10.429301023483276,10.466820001602173,10.362703800201416,11.000276803970337,10.551310062408447,10.416747093200684,10.487925052642822,10.41692304611206,10.49911904335022,10.491831064224243,10.50951099395752,11.111196041107178,10.48503303527832,10.421051025390625,10.648437976837158,10.418556928634644,10.462214946746826,10.393751859664917,10.44635796546936,10.47356915473938,11.077715873718262,10.434980869293213,10.415210962295532,10.399327039718628,10.418702840805054,10.419251918792725,10.998044967651367,10.472657918930054,10.449404954910278
|(7.033524, 7.079061, 7.11392, 7.139763, 7.779632, 7.184885559999998, 0.007016489804687498)|
|(451540.0, 460529.0, 463436.0, 464756.0, 467838.0, 462158.32, 451.326484375)|
|(10.362703800201416, 10.418556928634644, 10.449404954910278, 10.487925052642822, 11.111196041107178, 10.5223375749588, 0.010275720288045704)|
f,l,3,7,9,5,.,t,s,p
13.674546,14.231332,13.65817,13.702585,16.16588,13.660262,13.681168,13.73992,13.705573,14.147388,13.696637,13.689767,14.344193,13.740665,13.676469,14.274061,13.645333,13.705899,14.337861,13.669732,13.667313,13.652943,13.68611,14.336386,13.63671,13.670219,14.312647,13.681383,13.698848,14.282148,13.639776,13.698183,13.683369,13.693597,13.710102,13.639797,13.639665,14.355617,13.669341,13.623694,14.244541,13.688936,13.708751,13.733367,13.652642,13.704408,13.67079,13.668966,14.371467,13.661496
36105.0,35803.0,36379.0,35703.0,35129.0,35777.0,35616.0,36047.0,36078.0,35935.0,35843.0,36197.0,35953.0,35152.0,35856.0,34739.0,35616.0,35429.0,35381.0,35753.0,35764.0,35952.0,35567.0,35812.0,36184.0,36155.0,36090.0,35816.0,35910.0,35750.0,35898.0,35071.0,36159.0,35831.0,35510.0,35703.0,35352.0,35859.0,35801.0,35740.0,35694.0,35276.0,35117.0,35598.0,36272.0,36007.0,35724.0,35785.0,35798.0,35177.0
21.816569089889526,22.36088800430298,21.80678081512451,21.837281942367554,24.292037963867188,21.795167207717896,21.811543941497803,21.883130073547363,21.838220834732056,22.275964975357056,21.83492398262024,21.82296895980835,22.471694946289062,21.877277135849,21.821255922317505,22.41753888130188,21.788909912109375,21.85033392906189,22.479800939559937,21.824727773666382,21.81282901763916,21.795449018478394,21.825663089752197,22.468079805374146,21.776453971862793,21.815874099731445,22.45684814453125,21.82736301422119,21.843125104904175,22.41452193260193,21.79587197303772,21.84727191925049,21.825392961502075,21.834688901901245,21.843554973602295,21.770511865615845,21.78737711906433,22.49402403831482,21.80474019050598,21.760243892669678,22.3802969455719,21.826528787612915,21.86093306541443,21.864628076553345,21.78970193862915,21.855842113494873,21.803505897521973,21.798938989639282,22.509756088256836,21.796084880828857
|(13.623694, 13.668966, 13.693597, 13.740665, 16.16588, 13.864613060000002, 0.013539661191406252)|
|(34739.0, 35598.0, 35798.0, 35952.0, 36379.0, 35737.26, 34.89966796875)|
|(21.760243892669678, 21.80474019050598, 21.834688901901245, 21.883130073547363, 24.292037963867188, 22.003862380981445, 0.021488146856427193)|
r,l,5,9,3,4,.,t,s,p
28.961504,28.466082,28.283063,28.27986,28.312646,28.867324,28.899915,28.285777,28.250328,28.234003,28.799791,28.829847,28.509641,28.290728,28.185202,28.292956,28.93674,28.815163,28.284786,28.234388,28.270824,29.021317,28.890058,28.241364,28.274447,28.278291,28.227016,28.843464,29.673437,28.262657,28.204423,28.258056,28.914598,28.888453,28.163291,28.237678,28.323464,28.31133,28.862091,28.829169,28.321864,28.226438,28.261938,28.908784,28.910463,28.215512,28.244395,28.314344,28.729508,28.806188
650527.0,661272.0,664275.0,655933.0,661823.0,665311.0,652111.0,650415.0,664100.0,664358.0,649786.0,658981.0,658990.0,657415.0,663056.0,658523.0,656955.0,655779.0,663908.0,656501.0,665528.0,661820.0,665115.0,660798.0,662518.0,660753.0,665886.0,657834.0,664261.0,656718.0,668718.0,663242.0,666700.0,663146.0,663253.0,660663.0,655016.0,659476.0,656413.0,663084.0,664300.0,659520.0,665818.0,660875.0,665329.0,654873.0,663455.0,661807.0,666525.0,665632.0
50.462007999420166,49.98556089401245,49.733997106552124,49.739959955215454,49.75825214385986,50.37490105628967,50.40479612350464,49.76722598075867,49.76724982261658,49.729899168014526,50.309492111206055,50.31011199951172,50.01213884353638,49.828996896743774,49.70232796669006,49.80869197845459,50.46535396575928,50.354732036590576,49.80040502548218,49.75387716293335,49.779327154159546,50.55219602584839,50.39567494392395,49.731916189193726,49.7500479221344,49.7409451007843,49.69071888923645,50.371182918548584,51.13381505012512,49.76117014884949,49.644068002700806,49.709758043289185,50.38160490989685,50.40028095245361,49.678218841552734,49.76452684402466,49.821390867233276,49.76456308364868,50.41461205482483,50.259212017059326,49.82513189315796,49.744690895080566,49.768943071365356,50.344544887542725,50.42037796974182,49.698829889297485,49.72346305847168,49.83584499359131,50.242181062698364,50.35336995124817
|(28.163291, 28.258056, 28.312646, 28.843464, 29.673437, 28.518692119999997, 0.027850285273437497)|
|(649786.0, 657415.0, 661820.0, 664275.0, 668718.0, 660781.9, 645.29482421875)|
|(49.644068002700806, 49.744690895080566, 49.821390867233276, 50.354732036590576, 51.13381505012512, 50.015451717376706, 0.04884321456775069)|
p,l,a,7,3,9,7,.,t,s,p
44.321075,43.13315,43.832849,43.737365,44.835857,43.176754,43.883259,43.740786,44.190108,43.073093,43.698846,43.663825,43.554836,44.123036,44.220815,44.585734,45.841946,44.036342,44.071606,44.30345,43.828348,44.329864,44.519979,43.596606,43.920449,44.646766,43.825511,44.068226,44.074515,44.321543,43.820208,43.135314,44.230389,43.95957,43.147056,43.414913,44.39079,44.099727,43.623439,45.633564,43.854484,43.988601,44.292005,44.787171,43.941012,43.424284,44.585848,46.306257,44.388473,43.760136
29179880.0,29215652.0,28953586.0,29078808.0,28942800.0,29190428.0,28945074.0,29243584.0,29375340.0,29033640.0,29217748.0,29282670.0,29399788.0,29272528.0,29082680.0,29014250.0,29153702.0,29368832.0,29168488.0,29273316.0,29271880.0,29275116.0,29251232.0,29410408.0,29165620.0,29148516.0,29218620.0,29341260.0,29358560.0,28879724.0,29296418.0,29136520.0,29182724.0,29213644.0,29237560.0,29397858.0,29288824.0,29083852.0,29234826.0,29324700.0,29122504.0,29132102.0,29274988.0,28988482.0,29541416.0,29306572.0,29394438.0,29534214.0,29234444.0,29343956.0
78.26589608192444,77.16319704055786,77.82801389694214,77.74217391014099,78.78444290161133,77.18629717826843,77.88829898834229,77.66359996795654,78.15831804275513,77.09660196304321,77.72505903244019,77.68595385551453,77.52957201004028,78.11347103118896,78.19144296646118,78.576730966568,79.77983093261719,77.98275399208069,78.08381605148315,78.27954387664795,77.80847883224487,78.29149317741394,78.47539186477661,77.56985998153687,77.87068200111389,78.55840516090393,77.79855799674988,78.00336003303528,78.06787395477295,78.24767398834229,77.7814929485321,77.0986659526825,78.18607211112976,77.91201996803284,77.07914400100708,77.40012288093567,78.33102703094482,78.10400795936584,77.58893299102783,79.61065006256104,77.79747414588928,77.9299750328064,78.23768210411072,78.78591513633728,77.87207102775574,77.39129900932312,78.49412107467651,80.27929902076721,78.37173795700073,77.72240400314331
|(43.073093, 43.737365, 44.036342, 44.321543, 46.306257, 44.078795600000014, 0.04304569882812501)|
|(28879724.0, 29136520.0, 29234826.0, 29306572.0, 29541416.0, 29219675.44, 28534.839296875)|
|(77.07914400100708, 77.72240400314331, 77.98275399208069, 78.27954387664795, 80.27929902076721, 78.0478181219101, 0.07621857238467783)|
r,l,1,1,8,4,9,.,t,s,p
100.618549,99.755044,99.796564,100.595417,99.047392,98.980666,100.645979,100.106981,100.969068,99.915477,99.07023,99.28558,99.802816,99.982159,99.211928,100.22104,99.541813,99.332967,99.124936,100.190737,100.869157,99.854208,99.094075,100.442952,99.154983,99.993366,101.151615,100.013331,99.360581,100.639008,99.446446,98.767508,101.19254,99.620662,98.969239,99.021966,98.937264,100.255125,99.886086,99.803127,99.605965,99.301011,99.624785,100.606549,99.575615,101.230616,99.533516,99.049704,99.047924,100.370435
1136568.0,1125161.0,1122594.0,1123648.0,1131119.0,1130722.0,1133616.0,1124755.0,1131261.0,1132147.0,1131409.0,1130986.0,1127400.0,1123683.0,1131662.0,1130082.0,1130397.0,1128907.0,1123626.0,1127066.0,1129857.0,1124523.0,1132698.0,1120767.0,1126030.0,1132444.0,1131775.0,1130581.0,1132970.0,1131043.0,1125612.0,1123529.0,1129691.0,1132026.0,1124376.0,1128338.0,1124643.0,1125604.0,1121849.0,1125416.0,1128459.0,1127187.0,1130200.0,1130138.0,1128554.0,1126798.0,1124919.0,1133940.0,1127375.0,1125840.0
195.37155103683472,194.60211992263794,194.51732182502747,195.3165898323059,193.9805040359497,193.7924449443817,195.32482409477234,194.84749293327332,195.85204911231995,194.6089539527893,193.80021905899048,194.25758695602417,194.4993941783905,194.8965311050415,193.9653398990631,194.90092706680298,194.249596118927,194.0864520072937,193.87004899978638,195.12483501434326,195.75023102760315,194.51728010177612,193.8193759918213,195.15240001678467,193.8147759437561,194.63459086418152,195.8463921546936,194.71137404441833,194.02372980117798,195.43719005584717,194.1950719356537,193.53206992149353,195.91750502586365,194.4537558555603,193.72203493118286,193.73771691322327,193.7560760974884,195.05408906936646,194.72157502174377,194.5632619857788,194.51396298408508,194.06874299049377,194.3385260105133,195.50898098945618,194.32599091529846,195.9654519557953,194.1920850276947,193.67729997634888,193.8480260372162,195.04257106781006
|(98.767508, 99.211928, 99.796564, 100.255125, 101.230616, 99.81229404, 0.0974729433984375)|
|(1120767.0, 1125161.0, 1128554.0, 1131119.0, 1136568.0, 1128279.82, 1101.83576171875)|
|(193.53206992149353, 193.9805040359497, 194.51728010177612, 195.05408906936646, 195.9654519557953, 194.57413833618165, 0.1900138069689274)|
9191
--------------
